
query_relevant = {
        "የመንግሥት ፕሮጀክቶች": [2, 30, 65, 86],
        "የ ኢትዮጲያ ፖለቲካ": [9, 12, 13, 15, 21, 24, 45, 75, 80, 81, 82, 83, 84, 86, 87, 88, 89, 90, 95, 97, 99, 101],
        "የአርሶ አደር ልማት": [3, 64],
        "እድገት በኢትዮጵያ": [5, 11, 25, 30, 33, 36, 40, 42, 72, 73, 74, 77, 93, 101],
        "መብት እና እኩልነት": [2, 4, 6, 7, 10, 13, 20, 34, 41, 43, 68, 70, 81, 92],
        "የኢትዮጵያ ስፖርት": list(range(46, 63)),
        "የኢትዮጵያ ኢኮኖሚ": [1, 2, 5, 8, 11, 13, 14, 16, 17, 22, 25, 28, 29, 31, 32, 33, 35, 37, 40, 42, 69, 71, 74, 79, 91, 93, 94, 98, 100, 101],
        "አማራ": [7, 15, 22, 41, 67, 82],
        "ኢትዮጵያ ውስጥ በሚካሄዱ ጦርነቶች": [4, 7, 12, 15, 20, 27, 76, 78, 84, 85, 96],
        "የአስተዳደር ማሻሻያ እና ለውጥ": [16, 26, 29, 31, 65, 81, 86],
        "የጤና መረጃ": [18, 19, 38, 74],
        "የህግ የበላይነት": [15, 32, 35, 36, 39, 44, 76, 78, 85],
        "ትምህርትና ምርምር": [63, 66, 67]
    }
